# Frequency(Hz) Magnitude
4.997500000000000553e-02 5.821291162766791720e-04
9.995000000000001106e-02 6.003009153115736142e-04
1.499250000000000305e-01 6.332445464833023332e-04
1.999000000000000221e-01 6.859402759988923693e-04
2.498750000000000138e-01 7.681108799341369647e-04
2.998500000000000609e-01 8.998374612715967762e-04
3.498250000000000526e-01 1.128513028774056313e-03
3.998000000000000442e-01 1.596552875027675749e-03
4.497750000000000359e-01 3.011831640254592369e-03
4.997500000000000275e-01 3.144605676620813584e-01
5.497250000000000192e-01 2.776696010091602839e-03
5.997000000000001219e-01 1.319457784846147716e-03
6.496750000000001135e-01 8.403358359393729498e-04
6.996500000000001052e-01 6.037161010103823684e-04
7.496250000000000968e-01 4.636025347867802054e-04
7.996000000000000885e-01 3.715086173986731420e-04
8.495750000000000801e-01 3.067116602939693880e-04
8.995500000000000718e-01 2.588774247457078116e-04
9.495250000000000634e-01 2.222808199101166814e-04
9.995000000000000551e-01 1.934978849255757094e-04
1.049475000000000158e+00 1.703582048732856652e-04
1.099450000000000038e+00 1.514220295312296901e-04
1.149425000000000141e+00 1.356996038307729021e-04
1.199400000000000244e+00 1.224921032428346159e-04
1.249375000000000124e+00 1.112988377554696278e-04
1.299350000000000227e+00 1.017658096541282462e-04
1.349325000000000108e+00 9.367266353240921392e-05
1.399300000000000210e+00 8.700887758406688989e-05
1.449275000000000091e+00 8.265390039992258592e-05
1.499250000000000194e+00 2.350135918361917161e-04
1.549225000000000074e+00 6.281705514730397848e-05
1.599200000000000177e+00 6.057157590650926929e-05
1.649175000000000280e+00 5.722190688691007750e-05
1.699150000000000160e+00 5.389124351008530854e-05
1.749125000000000263e+00 5.075920868180784981e-05
1.799100000000000144e+00 4.785846782620903426e-05
1.849075000000000246e+00 4.518453339175729623e-05
1.899050000000000127e+00 4.272208254761506699e-05
1.949025000000000230e+00 4.045310616825189762e-05
1.999000000000000110e+00 3.835976368609034167e-05
2.048975000000000435e+00 3.642540275944876885e-05
2.098950000000000315e+00 3.463487243654869837e-05
2.148925000000000196e+00 3.297454957203227769e-05
2.198900000000000077e+00 3.143224877818425091e-05
2.248875000000000401e+00 2.999708788412118839e-05
2.298850000000000282e+00 2.865933651291985965e-05
2.348825000000000163e+00 2.741024400298103515e-05
2.398800000000000487e+00 2.624176390617930521e-05
2.448775000000000368e+00 2.514541101303004498e-05
2.498750000000000249e+00 2.397606669275322041e-05
2.548725000000000129e+00 2.317168899675019919e-05
2.598700000000000454e+00 2.226290293813728560e-05
2.648675000000000335e+00 2.140960671194623772e-05
2.698650000000000215e+00 2.060581038947719679e-05
2.748625000000000096e+00 1.984745206227864090e-05
2.798600000000000421e+00 1.913106028342133506e-05
2.848575000000000301e+00 1.845353893086794448e-05
2.898550000000000182e+00 1.781209069942717431e-05
2.948525000000000507e+00 1.720417384675409031e-05
2.998500000000000387e+00 1.662747109161065898e-05
3.048475000000000268e+00 1.607986465711862273e-05
3.098450000000000149e+00 1.555941522812268957e-05
3.148425000000000473e+00 1.506434378171799957e-05
3.198400000000000354e+00 1.459301569980014053e-05
3.248375000000000234e+00 1.414392677581398982e-05
3.298350000000000559e+00 1.371569083702308709e-05
3.348325000000000440e+00 1.330702878590034980e-05
3.398300000000000320e+00 1.291675901145082758e-05
3.448275000000000201e+00 1.254379014795157462e-05
3.498250000000000526e+00 1.218725772263079553e-05
3.548225000000000406e+00 1.184573502323168938e-05
3.598200000000000287e+00 1.151886885960266707e-05
3.648175000000000612e+00 1.120565984328942549e-05
3.698150000000000492e+00 1.090535625095689410e-05
3.748125000000000373e+00 1.061725552518809245e-05
3.798100000000000254e+00 1.034070217135789544e-05
3.848075000000000578e+00 1.007508423303422625e-05
3.898050000000000459e+00 9.819829906480229825e-06
3.948025000000000340e+00 9.574404424595773467e-06
3.998000000000000220e+00 9.338307210519357110e-06
4.047975000000000101e+00 9.111069280548909802e-06
4.097950000000000870e+00 8.892250873740832338e-06
4.147925000000000750e+00 8.681439286618262906e-06
4.197900000000000631e+00 8.478246892826215255e-06
4.247875000000000512e+00 8.282309330438936766e-06
4.297850000000000392e+00 8.093283840634956134e-06
4.347825000000000273e+00 7.910847743445565376e-06
4.397800000000000153e+00 7.734697037574018115e-06
4.447775000000000922e+00 7.564545111241175701e-06
4.497750000000000803e+00 7.400121390664887379e-06
4.547725000000000684e+00 7.241171174985577950e-06
4.597700000000000564e+00 7.087452658507550943e-06
4.647675000000000445e+00 6.938738085485380513e-06
4.697650000000000325e+00 6.794811784615477976e-06
4.747625000000000206e+00 6.655469619639797939e-06
4.797600000000000975e+00 6.520518251767397351e-06
4.847575000000000855e+00 6.389774459177876916e-06
4.897550000000000736e+00 6.263064506420041952e-06
4.947525000000000617e+00 6.140223559413458494e-06
4.997500000000000497e+00 6.021095142191139122e-06
5.047475000000000378e+00 5.905530632050266096e-06
5.097450000000000259e+00 5.793388790130031921e-06
5.147425000000000139e+00 5.684535324191429636e-06
5.197400000000000908e+00 5.578842481776220251e-06
5.247375000000000789e+00 5.476188670639800364e-06
5.297350000000000669e+00 5.376458104783705125e-06
5.347325000000000550e+00 5.279540474221199357e-06
5.397300000000000431e+00 5.185330636207809259e-06
5.447275000000000311e+00 5.093728326905205986e-06
5.497250000000000192e+00 5.004637891728898776e-06
5.547225000000000961e+00 4.917968031702092841e-06
5.597200000000000841e+00 4.833631569429835590e-06
5.647175000000000722e+00 4.751545224849279166e-06
5.697150000000000603e+00 4.671629408856503027e-06
5.747125000000000483e+00 4.593808028029013280e-06
5.797100000000000364e+00 4.518008301596984718e-06
5.847075000000000244e+00 4.444160589508183159e-06
5.897050000000001013e+00 4.372198230874413261e-06
5.947025000000000894e+00 4.302057392000793127e-06
5.997000000000000774e+00 4.233676923449222281e-06
6.046975000000000655e+00 4.166998225433313995e-06
6.096950000000000536e+00 4.101965121058627246e-06
6.146925000000000416e+00 4.038523736882823564e-06
6.196900000000000297e+00 3.976622390271989350e-06
6.246875000000001066e+00 3.916211483129927363e-06
6.296850000000000946e+00 3.857243401755618072e-06
6.346825000000000827e+00 3.799672421958032834e-06
6.396800000000000708e+00 3.743454619807989864e-06
6.446775000000000588e+00 3.688547786986130415e-06
6.496750000000000469e+00 3.634911350931964103e-06
6.546725000000000350e+00 3.582506299176017772e-06
6.596700000000001118e+00 3.531295107806531334e-06
6.646675000000000999e+00 3.481241673734422978e-06
6.696650000000000880e+00 3.432311250475069535e-06
6.746625000000000760e+00 3.384470387397806693e-06
6.796600000000000641e+00 3.337686872009826066e-06
6.846575000000000522e+00 3.291929675320118688e-06
6.896550000000000402e+00 3.247168899965229151e-06
6.946525000000001171e+00 3.203375730945355636e-06
6.996500000000001052e+00 3.160522388895215954e-06
7.046475000000000932e+00 3.118582085663752603e-06
7.096450000000000813e+00 3.077528982108647715e-06
7.146425000000000693e+00 3.037338147998254282e-06
7.196400000000000574e+00 2.997985523842880401e-06
7.246375000000000455e+00 2.959447884601636115e-06
7.296350000000001224e+00 2.921702805171874659e-06
7.346325000000001104e+00 2.884728627481118810e-06
7.396300000000000985e+00 2.848504429216004620e-06
7.446275000000000865e+00 2.813009993936395494e-06
7.496250000000000746e+00 2.778225782690276440e-06
7.546225000000000627e+00 2.744132906936361309e-06
7.596200000000000507e+00 2.710713102653897187e-06
7.646175000000001276e+00 2.677948705727141557e-06
7.696150000000001157e+00 2.645822628446233965e-06
7.746125000000001037e+00 2.614318337018298905e-06
7.796100000000000918e+00 2.583419830148528339e-06
7.846075000000000799e+00 2.553111618574465119e-06
7.896050000000000679e+00 2.523378705504481384e-06
7.946025000000000560e+00 2.494206567934653403e-06
7.996000000000000441e+00 2.465581138769533382e-06
8.045975000000000321e+00 2.437488789746662347e-06
8.095950000000000202e+00 2.409916315079557142e-06
8.145925000000000082e+00 2.382850915837213734e-06
8.195900000000001739e+00 2.356280184987391712e-06
8.245875000000001620e+00 2.330192093039503663e-06
8.295850000000001501e+00 2.304574974370205477e-06
8.345825000000001381e+00 2.279417514031903437e-06
8.395800000000001262e+00 2.254708735222679259e-06
8.445775000000001143e+00 2.230437987184460175e-06
8.495750000000001023e+00 2.206594933653662435e-06
8.545725000000000904e+00 2.183169541764525648e-06
8.595700000000000784e+00 2.160152071418240278e-06
8.645675000000000665e+00 2.137533065098101507e-06
8.695650000000000546e+00 2.115303338056407664e-06
8.745625000000000426e+00 2.093453968956172126e-06
8.795600000000000307e+00 2.071976290758983440e-06
8.845575000000000188e+00 2.050861882221664003e-06
8.895550000000001845e+00 2.030102559439316939e-06
8.945525000000001725e+00 2.009690367905034692e-06
8.995500000000001606e+00 1.989617574845050452e-06
9.045475000000001486e+00 1.969876661814214992e-06
9.095450000000001367e+00 1.950460317626212882e-06
9.145425000000001248e+00 1.931361431499231697e-06
9.195400000000001128e+00 1.912573086518996678e-06
9.245375000000001009e+00 1.894088553322988149e-06
9.295350000000000890e+00 1.875901284021628889e-06
9.345325000000000770e+00 1.858004906342628265e-06
9.395300000000000651e+00 1.840393218053847530e-06
9.445275000000000531e+00 1.823060181466901755e-06
9.495250000000000412e+00 1.805999918294697234e-06
9.545225000000000293e+00 1.789206704578392981e-06
9.595200000000001950e+00 1.772674965881307621e-06
9.645175000000001830e+00 1.756399272614993708e-06
9.695150000000001711e+00 1.740374335495547588e-06
9.745125000000001592e+00 1.724595001261267467e-06
9.795100000000001472e+00 1.709056248598899278e-06
9.845075000000001353e+00 1.693753183783472960e-06
9.895050000000001234e+00 1.678681037234045841e-06
9.945025000000001114e+00 1.663835159434393241e-06
9.995000000000000995e+00 1.649211017422305076e-06
1.004497500000000088e+01 1.634804191298132791e-06
1.009495000000000076e+01 1.620610370915052151e-06
1.014492500000000064e+01 1.606625352514966447e-06
1.019490000000000052e+01 1.592845035683350198e-06
1.024487500000000040e+01 1.579265420260135877e-06
1.029485000000000028e+01 1.565882603407871361e-06
1.034482500000000194e+01 1.552692776854019090e-06
1.039480000000000182e+01 1.539692224060116270e-06
1.044477500000000170e+01 1.526877317653991948e-06
1.049475000000000158e+01 1.514244516830778553e-06
1.054472500000000146e+01 1.501790364885785922e-06
1.059470000000000134e+01 1.489511486884772757e-06
1.064467500000000122e+01 1.477404587270800507e-06
1.069465000000000110e+01 1.465466447703695420e-06
1.074462500000000098e+01 1.453693924854047369e-06
1.079460000000000086e+01 1.442083948281013485e-06
1.084457500000000074e+01 1.430633518610254995e-06
1.089455000000000062e+01 1.419339705226710318e-06
1.094452500000000050e+01 1.408199644712441426e-06
1.099450000000000038e+01 1.397210538836604537e-06
1.104447500000000204e+01 1.386369652863365437e-06
1.109445000000000192e+01 1.375674313713763018e-06
1.114442500000000180e+01 1.365121908452133188e-06
1.119440000000000168e+01 1.354709882565176998e-06
1.124437500000000156e+01 1.344435738452675409e-06
1.129435000000000144e+01 1.334297033888896929e-06
1.134432500000000132e+01 1.324291380550181607e-06
1.139430000000000121e+01 1.314416442628531902e-06
1.144427500000000109e+01 1.304669935406455402e-06
1.149425000000000097e+01 1.295049623959551535e-06
1.154422500000000085e+01 1.285553321845537719e-06
1.159420000000000073e+01 1.276178889831133851e-06
1.164417500000000061e+01 1.266924234709913902e-06
1.169415000000000049e+01 1.257787308079337941e-06
1.174412500000000215e+01 1.248766105225540717e-06
1.179410000000000203e+01 1.239858664005800863e-06
1.184407500000000191e+01 1.231063063744579131e-06
1.189405000000000179e+01 1.222377424219888261e-06
1.194402500000000167e+01 1.213799904600504007e-06
1.199400000000000155e+01 1.205328702525330321e-06
1.204397500000000143e+01 1.196962053078776210e-06
1.209395000000000131e+01 1.188698227918505558e-06
1.214392500000000119e+01 1.180535534310833465e-06
1.219390000000000107e+01 1.172472314278108597e-06
1.224387500000000095e+01 1.164506943748717322e-06
1.229385000000000083e+01 1.156637831743800787e-06
1.234382500000000071e+01 1.148863419575721617e-06
1.239380000000000059e+01 1.141182180019919170e-06
1.244377500000000225e+01 1.133592616597058637e-06
1.249375000000000213e+01 1.126093262802978785e-06
1.254372500000000201e+01 1.118682681417899103e-06
1.259370000000000189e+01 1.111359463795229131e-06
1.264367500000000177e+01 1.104122229193556348e-06
1.269365000000000165e+01 1.096969624102508531e-06
1.274362500000000153e+01 1.089900321593523330e-06
1.279360000000000142e+01 1.082913020718747104e-06
1.284357500000000130e+01 1.076006445892760583e-06
1.289355000000000118e+01 1.069179346306721753e-06
1.294352500000000106e+01 1.062430495345345670e-06
1.299350000000000094e+01 1.055758690020827466e-06
1.304347500000000082e+01 1.049162750443066446e-06
1.309345000000000070e+01 1.042641519286166616e-06
1.314342500000000058e+01 1.036193861258370029e-06
1.319340000000000224e+01 1.029818662660049587e-06
1.324337500000000212e+01 1.023514830807131590e-06
1.329335000000000200e+01 1.017281293616704565e-06
1.334332500000000188e+01 1.011116999077440289e-06
1.339330000000000176e+01 1.005020914914446357e-06
1.344327500000000164e+01 9.989920280273286431e-07
1.349325000000000152e+01 9.930293441448553344e-07
1.354322500000000140e+01 9.871318873567298200e-07
1.359320000000000128e+01 9.812986997458513392e-07
1.364317500000000116e+01 9.755288409754863690e-07
1.369315000000000104e+01 9.698213878861849147e-07
1.374312500000000092e+01 9.641754341598862061e-07
1.379310000000000080e+01 9.585900899036172509e-07
1.384307500000000068e+01 9.530644813529806930e-07
1.389305000000000234e+01 9.475977504826170651e-07
1.394302500000000222e+01 9.421890546513922166e-07
1.399300000000000210e+01 9.368375663302642623e-07
1.404297500000000198e+01 9.315424727033053356e-07
1.409295000000000186e+01 9.263029754519045926e-07
1.414292500000000175e+01 9.211182903594947817e-07
1.419290000000000163e+01 9.159876470373167507e-07
1.424287500000000151e+01 9.109102886750768759e-07
1.429285000000000139e+01 9.058854716041716636e-07
1.434282500000000127e+01 9.009124653290892739e-07
1.439280000000000115e+01 8.959905520063288271e-07
1.444277500000000103e+01 8.911190261167890239e-07
1.449275000000000091e+01 8.862971943384586701e-07
1.454272500000000079e+01 8.815243756327569678e-07
1.459270000000000245e+01 8.767999000909270522e-07
1.464267500000000233e+01 8.721231096015367051e-07
1.469265000000000221e+01 8.674933572960546339e-07
1.474262500000000209e+01 8.629100071647462287e-07
1.479260000000000197e+01 8.583724340735302596e-07
1.484257500000000185e+01 8.538800232928432691e-07
1.489255000000000173e+01 8.494321704994195066e-07
1.494252500000000161e+01 8.450282815668651020e-07
1.499250000000000149e+01 8.406677721898500879e-07
1.504247500000000137e+01 8.363500678950897582e-07
1.509245000000000125e+01 8.320746036115937144e-07
1.514242500000000113e+01 8.278408236607440392e-07
1.519240000000000101e+01 8.236481816000437641e-07
1.524237500000000090e+01 8.194961398672162828e-07
1.529235000000000255e+01 8.153841698405864129e-07
1.534232500000000243e+01 8.113117513366408860e-07
1.539230000000000231e+01 8.072783726382616501e-07
1.544227500000000219e+01 8.032835305586064471e-07
1.549225000000000207e+01 7.993267299167162213e-07
1.554222500000000196e+01 7.954074833034247530e-07
1.559220000000000184e+01 7.915253115697502321e-07
1.564217500000000172e+01 7.876797429115440223e-07
1.569215000000000160e+01 7.838703130886130015e-07
1.574212500000000148e+01 7.800965653467475326e-07
1.579210000000000136e+01 7.763580500824809635e-07
1.584207500000000124e+01 7.726543248820011561e-07
1.589205000000000112e+01 7.689849542715482994e-07
1.594202500000000100e+01 7.653495095868923208e-07
1.599200000000000088e+01 7.617475689109408626e-07
1.604197500000000076e+01 7.581787168953388967e-07
1.609195000000000064e+01 7.546425446798298114e-07
1.614192500000000052e+01 7.511386497342250043e-07
1.619190000000000040e+01 7.476666357439194379e-07
1.624187500000000028e+01 7.442261125151738749e-07
1.629185000000000016e+01 7.408166958514669142e-07
1.634182500000000005e+01 7.374380074484255300e-07
1.639180000000000348e+01 7.340896747864985858e-07
1.644177500000000336e+01 7.307713310004313870e-07
1.649175000000000324e+01 7.274826148180142928e-07
1.654172500000000312e+01 7.242231704138668300e-07
1.659170000000000300e+01 7.209926473456411838e-07
1.664167500000000288e+01 7.177907004836563112e-07
1.669165000000000276e+01 7.146169898034804312e-07
1.674162500000000264e+01 7.114711804234906886e-07
1.679160000000000252e+01 7.083529424128534322e-07
1.684157500000000240e+01 7.052619508008447533e-07
1.689155000000000229e+01 7.021978853964653965e-07
1.694152500000000217e+01 6.991604307619038530e-07
1.699150000000000205e+01 6.961492760971803192e-07
1.704147500000000193e+01 6.931641151673642268e-07
1.709145000000000181e+01 6.902046462361127552e-07
1.714142500000000169e+01 6.872705719760353696e-07
1.719140000000000157e+01 6.843615993839229758e-07
1.724137500000000145e+01 6.814774397197301017e-07
1.729135000000000133e+01 6.786178084211006966e-07
1.734132500000000121e+01 6.757824250380615734e-07
1.739130000000000109e+01 6.729710131600725434e-07
1.744127500000000097e+01 6.701833003485069841e-07
1.749125000000000085e+01 6.674190180671593513e-07
1.754122500000000073e+01 6.646779016038343854e-07
1.759120000000000061e+01 6.619596900274676572e-07
1.764117500000000049e+01 6.592641260984434135e-07
1.769115000000000038e+01 6.565909562375130202e-07
1.774112500000000026e+01 6.539399304394932112e-07
1.779110000000000369e+01 6.513108022258018555e-07
1.784107500000000357e+01 6.487033285587077304e-07
1.789105000000000345e+01 6.461172697991858669e-07
1.794102500000000333e+01 6.435523896867230146e-07
1.799100000000000321e+01 6.410084552217989135e-07
1.804097500000000309e+01 6.384852366509147754e-07
1.809095000000000297e+01 6.359825074122300736e-07
1.814092500000000285e+01 6.335000440583040329e-07
1.819090000000000273e+01 6.310376262186173861e-07
1.824087500000000261e+01 6.285950365527441576e-07
1.829085000000000250e+01 6.261720606971323715e-07
1.834082500000000238e+01 6.237684872144272348e-07
1.839080000000000226e+01 6.213841075563614601e-07
1.844077500000000214e+01 6.190187159908729499e-07
1.849075000000000202e+01 6.166721095848871586e-07
1.854072500000000190e+01 6.143440881429259442e-07
1.859070000000000178e+01 6.120344541691673743e-07
1.864067500000000166e+01 6.097430128282115838e-07
1.869065000000000154e+01 6.074695718812144903e-07
1.874062500000000142e+01 6.052139416724967328e-07
1.879060000000000130e+01 6.029759350588813247e-07
1.884057500000000118e+01 6.007553674001712030e-07
1.889055000000000106e+01 5.985520565209345963e-07
1.894052500000000094e+01 5.963658226130459429e-07
1.899050000000000082e+01 5.941964882776498090e-07
1.904047500000000070e+01 5.920438783811065248e-07
1.909045000000000059e+01 5.899078202410127956e-07
1.914042500000000047e+01 5.877881432629643280e-07
1.919040000000000390e+01 5.856846791706149548e-07
1.924037500000000378e+01 5.835972618598732538e-07
1.929035000000000366e+01 5.815257273878144628e-07
1.934032500000000354e+01 5.794699139255459553e-07
1.939030000000000342e+01 5.774296617466213116e-07
1.944027500000000330e+01 5.754048131755002699e-07
1.949025000000000318e+01 5.733952125929547028e-07
1.954022500000000306e+01 5.714007062821439894e-07
1.959020000000000294e+01 5.694211426172106074e-07
1.964017500000000283e+01 5.674563718291733552e-07
1.969015000000000271e+01 5.655062460739060869e-07
1.974012500000000259e+01 5.635706193785819371e-07
1.979010000000000247e+01 5.616493476259918815e-07
1.984007500000000235e+01 5.597422885077402381e-07
1.989005000000000223e+01 5.578493015178241571e-07
1.994002500000000211e+01 5.559702479144506462e-07
1.999000000000000199e+01 5.541049906907089019e-07
2.003997500000000187e+01 5.522533946078940679e-07
2.008995000000000175e+01 5.504153259499893355e-07
2.013992500000000163e+01 5.485906528568311070e-07
2.018990000000000151e+01 5.467792449977142724e-07
2.023987500000000139e+01 5.449809736905450755e-07
2.028985000000000127e+01 5.431957118297118112e-07
2.033982500000000115e+01 5.414233338889469505e-07
2.038980000000000103e+01 5.396637158595866962e-07
2.043977500000000092e+01 5.379167352651538208e-07
2.048975000000000080e+01 5.361822711241472966e-07
2.053972500000000068e+01 5.344602039580483457e-07
2.058970000000000056e+01 5.327504157025428106e-07
2.063967500000000399e+01 5.310527897480733862e-07
2.068965000000000387e+01 5.293672108919237071e-07
2.073962500000000375e+01 5.276935653229196617e-07
2.078960000000000363e+01 5.260317406042994218e-07
2.083957500000000351e+01 5.243816256543642453e-07
2.088955000000000339e+01 5.227431107121625246e-07
2.093952500000000327e+01 5.211160873422028894e-07
2.098950000000000315e+01 5.195004483910264044e-07
2.103947500000000304e+01 5.178960879916061639e-07
2.108945000000000292e+01 5.163029015348335163e-07
2.113942500000000280e+01 5.147207856506247819e-07
2.118940000000000268e+01 5.131496381890779465e-07
2.123937500000000256e+01 5.115893581959227880e-07
2.128935000000000244e+01 5.100398459225442404e-07
2.133932500000000232e+01 5.085010027701063835e-07
2.138930000000000220e+01 5.069727313399144803e-07
2.143927500000000208e+01 5.054549353052291410e-07
2.148925000000000196e+01 5.039475195113669816e-07
2.153922500000000184e+01 5.024503898977630054e-07
2.158920000000000172e+01 5.009634534933664495e-07
2.163917500000000160e+01 4.994866184093037854e-07
2.168915000000000148e+01 4.980197938085034820e-07
2.173912500000000136e+01 4.965628899030393930e-07
2.178910000000000124e+01 4.951158179461501181e-07
2.183907500000000113e+01 4.936784902044471109e-07
2.188905000000000101e+01 4.922508199485244717e-07
2.193902500000000089e+01 4.908327214389921153e-07
2.198900000000000077e+01 4.894241099125103153e-07
2.203897500000000420e+01 4.880249015699167374e-07
2.208895000000000408e+01 4.866350135694543051e-07
2.213892500000000396e+01 4.852543640002575863e-07
2.218890000000000384e+01 4.838828718762107452e-07
2.223887500000000372e+01 4.825204571262912614e-07
2.228885000000000360e+01 4.811670405727151030e-07
2.233882500000000348e+01 4.798225439449773566e-07
2.238880000000000337e+01 4.784868898166560522e-07
2.243877500000000325e+01 4.771600016723803878e-07
2.248875000000000313e+01 4.758418038096070945e-07
2.253872500000000301e+01 4.745322213889582818e-07
2.258870000000000289e+01 4.732311803712768303e-07
2.263867500000000277e+01 4.719386075702229560e-07
2.268865000000000265e+01 4.706544305959162377e-07
2.273862500000000253e+01 4.693785778650378614e-07
2.278860000000000241e+01 4.681109785682343042e-07
2.283857500000000229e+01 4.668515626735293419e-07
2.288855000000000217e+01 4.656002609249753081e-07
2.293852500000000205e+01 4.643570048173502078e-07
2.298850000000000193e+01 4.631217265965428003e-07
2.303847500000000181e+01 4.618943592425199839e-07
2.308845000000000169e+01 4.606748364612506547e-07
2.313842500000000157e+01 4.594630926814298062e-07
2.318840000000000146e+01 4.582590630377592641e-07
2.323837500000000134e+01 4.570626833622379109e-07
2.328835000000000122e+01 4.558738901875086308e-07
2.333832500000000110e+01 4.546926207118881839e-07
2.338830000000000098e+01 4.535188128196807503e-07
2.343827500000000086e+01 4.523524050576228438e-07
2.348825000000000429e+01 4.511933366182841132e-07
2.353822500000000417e+01 4.500415473542322212e-07
2.358820000000000405e+01 4.488969777499717549e-07
2.363817500000000393e+01 4.477595689452689716e-07
2.368815000000000381e+01 4.466292626438959105e-07
2.373812500000000369e+01 4.455060012302652411e-07
2.378810000000000358e+01 4.443897276575458402e-07
2.383807500000000346e+01 4.432803854991483663e-07
2.388805000000000334e+01 4.421779189048583225e-07
2.393802500000000322e+01 4.410822726128176561e-07
2.398800000000000310e+01 4.399933919484014864e-07
2.403797500000000298e+01 4.389112227934040520e-07
2.408795000000000286e+01 4.378357116093179295e-07
2.413792500000000274e+01 4.367668054030941024e-07
2.418790000000000262e+01 4.357044517277457902e-07
2.423787500000000250e+01 4.346485986861333090e-07
2.428785000000000238e+01 4.335991949102513631e-07
2.433782500000000226e+01 4.325561895797240626e-07
2.438780000000000214e+01 4.315195323729920024e-07
2.443777500000000202e+01 4.304891734936248645e-07
2.448775000000000190e+01 4.294650636532679979e-07
2.453772500000000178e+01 4.284471540790538508e-07
2.458770000000000167e+01 4.274353964902925768e-07
2.463767500000000155e+01 4.264297430791522726e-07
2.468765000000000143e+01 4.254301465659408471e-07
2.473762500000000131e+01 4.244365600995702279e-07
2.478760000000000119e+01 4.234489372989835774e-07
2.483757500000000107e+01 4.224672323575286513e-07
2.488755000000000450e+01 4.214913997592738656e-07
2.493752500000000438e+01 4.205213946092339900e-07
2.498750000000000426e+01 4.195571723725759565e-07
2.503747500000000414e+01 4.185986889765418578e-07
2.508745000000000402e+01 4.176459007989710679e-07
2.513742500000000391e+01 4.166987646261861880e-07
2.518740000000000379e+01 4.157572377189131735e-07
2.523737500000000367e+01 4.148212777373676758e-07
2.528735000000000355e+01 4.138908427640845388e-07
2.533732500000000343e+01 4.129658912914061165e-07
2.538730000000000331e+01 4.120463822220357030e-07
2.543727500000000319e+01 4.111322748828728102e-07
2.548725000000000307e+01 4.102235289869625945e-07
2.553722500000000295e+01 4.093201046416953478e-07
2.558720000000000283e+01 4.084219623538154795e-07
2.563717500000000271e+01 4.075290629865717611e-07
2.568715000000000259e+01 4.066413678353753678e-07
2.573712500000000247e+01 4.057588385413559307e-07
2.578710000000000235e+01 4.048814371586509994e-07
2.583707500000000223e+01 4.040091259957044133e-07
2.588705000000000211e+01 4.031418678959973726e-07
2.593702500000000200e+01 4.022796259326777614e-07
2.598700000000000188e+01 4.014223635715255809e-07
2.603697500000000176e+01 4.005700446492367188e-07
2.608695000000000164e+01 3.997226333361286709e-07
2.613692500000000152e+01 3.988800941580158550e-07
2.618690000000000140e+01 3.980423919547860472e-07
2.623687500000000128e+01 3.972094919283061832e-07
2.628685000000000116e+01 3.963813596042925344e-07
2.633682500000000459e+01 3.955579608391294296e-07
2.638680000000000447e+01 3.947392618150841539e-07
2.643677500000000435e+01 3.939252290224776989e-07
2.648675000000000423e+01 3.931158292845369748e-07
2.653672500000000412e+01 3.923110297392661870e-07
2.658670000000000400e+01 3.915107978271174780e-07
2.663667500000000388e+01 3.907151013037249556e-07
2.668665000000000376e+01 3.899239082124974073e-07
2.673662500000000364e+01 3.891371869061307656e-07
2.678660000000000352e+01 3.883549060476255017e-07
2.683657500000000340e+01 3.875770345826938907e-07
2.688655000000000328e+01 3.868035417522142559e-07
2.693652500000000316e+01 3.860343970488748980e-07
2.698650000000000304e+01 3.852695702903403786e-07
2.703647500000000292e+01 3.845090315551078319e-07
2.708645000000000280e+01 3.837527512395879860e-07
2.713642500000000268e+01 3.830006999712403990e-07
2.718640000000000256e+01 3.822528486830354899e-07
2.723637500000000244e+01 3.815091685245803478e-07
2.728635000000000232e+01 3.807696309268927707e-07
2.733632500000000221e+01 3.800342076052021920e-07
2.738630000000000209e+01 3.793028705364924014e-07
2.743627500000000197e+01 3.785755919576253672e-07
2.748625000000000185e+01 3.778523443426006782e-07
2.753622500000000173e+01 3.771331004003410814e-07
2.758620000000000161e+01 3.764178331201549645e-07
2.763617500000000149e+01 3.757065157316146280e-07
2.768615000000000137e+01 3.749991217158714809e-07
2.773612500000000480e+01 3.742956247663465653e-07
2.778610000000000468e+01 3.735959988299978955e-07
2.783607500000000456e+01 3.729002180857970862e-07
2.788605000000000445e+01 3.722082569531139199e-07
2.793602500000000433e+01 3.715200900968557192e-07
2.798600000000000421e+01 3.708356923935836467e-07
2.803597500000000409e+01 3.701550389309951680e-07
2.808595000000000397e+01 3.694781050124979234e-07
2.813592500000000385e+01 3.688048661964736229e-07
2.818590000000000373e+01 3.681352982404244288e-07
2.823587500000000361e+01 3.674693771403163125e-07
2.828585000000000349e+01 3.668070790859352303e-07
2.833582500000000337e+01 3.661483804948624090e-07
2.838580000000000325e+01 3.654932579680253917e-07
2.843577500000000313e+01 3.648416883175042771e-07
2.848575000000000301e+01 3.641936485845702914e-07
2.853572500000000289e+01 3.635491160008603926e-07
2.858570000000000277e+01 3.629080679984002109e-07
2.863567500000000265e+01 3.622704822037080643e-07
2.868565000000000254e+01 3.616363364372526458e-07
2.873562500000000242e+01 3.610056087310993667e-07
2.878560000000000230e+01 3.603782772876422758e-07
2.883557500000000218e+01 3.597543205301432336e-07
2.888555000000000206e+01 3.591337170407536113e-07
2.893552500000000194e+01 3.585164455916697507e-07
2.898550000000000182e+01 3.579024851698148693e-07
2.903547500000000170e+01 3.572918148937710153e-07
2.908545000000000158e+01 3.566844141264460966e-07
2.913542500000000146e+01 3.560802623585056299e-07
2.918540000000000489e+01 3.554793392603012601e-07
2.923537500000000477e+01 3.548816247480156166e-07
2.928535000000000466e+01 3.542870987614217253e-07
2.933532500000000454e+01 3.536957416373036253e-07
2.938530000000000442e+01 3.531075335676866837e-07
2.943527500000000430e+01 3.525224553282263733e-07
2.948525000000000418e+01 3.519404874311298505e-07
2.953522500000000406e+01 3.513616109287774580e-07
2.958520000000000394e+01 3.507858067127003639e-07
2.963517500000000382e+01 3.502130560633324205e-07
2.968515000000000370e+01 3.496433403260330850e-07
2.973512500000000358e+01 3.490766410063641731e-07
2.978510000000000346e+01 3.485129398416944782e-07
2.983507500000000334e+01 3.479522185980623705e-07
2.988505000000000322e+01 3.473944592999833005e-07
2.993502500000000310e+01 3.468396440900138008e-07
2.998500000000000298e+01 3.462877552286258606e-07
3.003497500000000286e+01 3.457387752227466638e-07
3.008495000000000275e+01 3.451926865943421992e-07
3.013492500000000263e+01 3.446494721094725461e-07
3.018490000000000251e+01 3.441091146508096034e-07
3.023487500000000239e+01 3.435715971986951573e-07
3.028485000000000227e+01 3.430369030433785908e-07
3.033482500000000215e+01 3.425050153252051019e-07
3.038480000000000203e+01 3.419759176801437475e-07
3.043477500000000191e+01 3.414495934747023929e-07
3.048475000000000179e+01 3.409260266246402184e-07
3.053472500000000167e+01 3.404052008283937961e-07
3.058470000000000510e+01 3.398871001964574570e-07
3.063467500000000499e+01 3.393717088205292360e-07
3.068465000000000487e+01 3.388590109432291162e-07
3.073462500000000475e+01 3.383489909576223079e-07
3.078460000000000463e+01 3.378416333633300255e-07
3.083457500000000451e+01 3.373369228260107343e-07
3.088455000000000439e+01 3.368348441077937055e-07
3.093452500000000427e+01 3.363353820956351381e-07
3.098450000000000415e+01 3.358385218186298712e-07
3.103447500000000403e+01 3.353442484051861923e-07
3.108445000000000391e+01 3.348525471319935002e-07
3.113442500000000379e+01 3.343634033775763121e-07
3.118440000000000367e+01 3.338768026436908453e-07
3.123437500000000355e+01 3.333927305551254350e-07
3.128435000000000343e+01 3.329111728464755442e-07
3.133432500000000331e+01 3.324321153729394105e-07
3.138430000000000319e+01 3.319555441174764801e-07
3.143427500000000308e+01 3.314814451474293684e-07
3.148425000000000296e+01 3.310098046536540824e-07
3.153422500000000284e+01 3.305406089788960478e-07
3.158420000000000272e+01 3.300738445182690315e-07
3.163417500000000260e+01 3.296094977963438221e-07
3.168415000000000248e+01 3.291475554559904768e-07
3.173412500000000236e+01 3.286880042596987923e-07
3.178410000000000224e+01 3.282308310362711339e-07
3.183407500000000212e+01 3.277760227510873119e-07
3.188405000000000200e+01 3.273235664575190370e-07
3.193402500000000188e+01 3.268734493422731818e-07
3.198400000000000176e+01 3.264256586659224447e-07
3.203397500000000520e+01 3.259801817989142028e-07
3.208395000000000152e+01 3.255370062131525396e-07
3.213392500000000496e+01 3.250961194727764917e-07
3.218390000000000128e+01 3.246575092605263310e-07
3.223387500000000472e+01 3.242211633428444313e-07
3.228385000000000105e+01 3.237870695878790596e-07
3.233382500000000448e+01 3.233552159491509334e-07
3.238380000000000081e+01 3.229255904900048915e-07
3.243377500000000424e+01 3.224981813656940889e-07
3.248375000000000057e+01 3.220729768295884828e-07
3.253372500000000400e+01 3.216499652123541282e-07
3.258370000000000033e+01 3.212291349514765636e-07
3.263367500000000376e+01 3.208104745483134882e-07
3.268365000000000009e+01 3.203939726467699876e-07
3.273362500000000352e+01 3.199796179302391353e-07
3.278360000000000696e+01 3.195673992057360280e-07
3.283357500000000329e+01 3.191573053479929762e-07
3.288355000000000672e+01 3.187493253370310798e-07
3.293352500000000305e+01 3.183434482002562617e-07
3.298350000000000648e+01 3.179396630908338498e-07
3.303347500000000281e+01 3.175379592321676854e-07
3.308345000000000624e+01 3.171383259372010918e-07
3.313342500000000257e+01 3.167407525989396349e-07
3.318340000000000600e+01 3.163452286866290984e-07
3.323337500000000233e+01 3.159517437616867446e-07
3.328335000000000576e+01 3.155602874563448603e-07
3.333332500000000209e+01 3.151708495025669800e-07
3.338330000000000553e+01 3.147834196924811766e-07
3.343327500000000185e+01 3.143979878993984429e-07
3.348325000000000529e+01 3.140145440872070281e-07
3.353322500000000161e+01 3.136330782848353476e-07
3.358320000000000505e+01 3.132535806080066475e-07
3.363317500000000138e+01 3.128760412485102206e-07
3.368315000000000481e+01 3.125004504600344631e-07
3.373312500000000114e+01 3.121267985918085875e-07
3.378310000000000457e+01 3.117550760474272399e-07
3.383307500000000090e+01 3.113852733276841616e-07
3.388305000000000433e+01 3.110173809808949244e-07
3.393302500000000066e+01 3.106513896333084841e-07
3.398300000000000409e+01 3.102872900268084580e-07
3.403297500000000042e+01 3.099250728943434305e-07
3.408295000000000385e+01 3.095647291020667580e-07
3.413292500000000729e+01 3.092062495703763690e-07
3.418290000000000362e+01 3.088496252920425928e-07
3.423287500000000705e+01 3.084948473105055345e-07
3.428285000000000338e+01 3.081419067518678796e-07
3.433282500000000681e+01 3.077907948142603428e-07
3.438280000000000314e+01 3.074415027523585936e-07
3.443277500000000657e+01 3.070940218984169373e-07
3.448275000000000290e+01 3.067483436403212154e-07
3.453272500000000633e+01 3.064044594344776815e-07
3.458270000000000266e+01 3.060623608049287528e-07
3.463267500000000609e+01 3.057220393400150115e-07
3.468265000000000242e+01 3.053834866947082512e-07
3.473262500000000585e+01 3.050466945837281699e-07
3.478260000000000218e+01 3.047116547786146001e-07
3.483257500000000562e+01 3.043783591188006121e-07
3.488255000000000194e+01 3.040467995070201661e-07
3.493252500000000538e+01 3.037169679254598124e-07
3.498250000000000171e+01 3.033888563622066919e-07
3.503247500000000514e+01 3.030624569416629162e-07
3.508245000000000147e+01 3.027377617943670862e-07
3.513242500000000490e+01 3.024147630913301486e-07
3.518240000000000123e+01 3.020934531429162224e-07
3.523237500000000466e+01 3.017738242307567984e-07
3.528235000000000099e+01 3.014558687619676457e-07
3.533232500000000442e+01 3.011395791638970803e-07
3.538230000000000075e+01 3.008249479320515650e-07
3.543227500000000418e+01 3.005119676113329774e-07
3.548225000000000051e+01 3.002006308138313307e-07
3.553222500000000394e+01 2.998909301838574539e-07
3.558220000000000738e+01 2.995828584589288344e-07
3.563217500000000371e+01 2.992764084047721212e-07
3.568215000000000714e+01 2.989715728443981135e-07
3.573212500000000347e+01 2.986683446568372991e-07
3.578210000000000690e+01 2.983667167786884425e-07
3.583207500000000323e+01 2.980666821930129239e-07
3.588205000000000666e+01 2.977682339420031761e-07
3.593202500000000299e+01 2.974713651166593112e-07
3.598200000000000642e+01 2.971760688481962896e-07
3.603197500000000275e+01 2.968823383435597990e-07
3.608195000000000618e+01 2.965901668351590318e-07
3.613192500000000251e+01 2.962995476544584425e-07
3.618190000000000595e+01 2.960104740903362100e-07
3.623187500000000227e+01 2.957229395809281477e-07
3.628185000000000571e+01 2.954369375548426424e-07
3.633182500000000203e+01 2.951524615176633118e-07
3.638180000000000547e+01 2.948695049940014156e-07
3.643177500000000180e+01 2.945880615870240611e-07
3.648175000000000523e+01 2.943081249381648685e-07
3.653172500000000156e+01 2.940296887149862543e-07
3.658170000000000499e+01 2.937527466683796185e-07
3.663167500000000132e+01 2.934772925721900012e-07
3.668165000000000475e+01 2.932033202557919637e-07
3.673162500000000108e+01 2.929308235911638658e-07
3.678160000000000451e+01 2.926597964923591584e-07
3.683157500000000084e+01 2.923902329255554765e-07
3.688155000000000427e+01 2.921221268968919343e-07
3.693152500000000060e+01 2.918554724681537402e-07
3.698150000000000404e+01 2.915902637315102862e-07
3.703147500000000747e+01 2.913264948219676967e-07
3.708145000000000380e+01 2.910641599293484157e-07
3.713142500000000723e+01 2.908032532895687791e-07
3.718140000000000356e+01 2.905437691702288136e-07
3.723137500000000699e+01 2.902857018923289441e-07
3.728135000000000332e+01 2.900290457916938367e-07
3.733132500000000675e+01 2.897737952801123485e-07
3.738130000000000308e+01 2.895199447912834851e-07
3.743127500000000651e+01 2.892674888271939952e-07
3.748125000000000284e+01 2.890164218902878665e-07
3.753122500000000628e+01 2.887667385613343293e-07
3.758120000000000260e+01 2.885184334370365742e-07
3.763117500000000604e+01 2.882715011615549830e-07
3.768115000000000236e+01 2.880259364121687142e-07
3.773112500000000580e+01 2.877817339259076891e-07
3.778110000000000213e+01 2.875388884619859395e-07
3.783107500000000556e+01 2.872973948249019962e-07
3.788105000000000189e+01 2.870572478550475698e-07
3.793102500000000532e+01 2.868184424316744429e-07
3.798100000000000165e+01 2.865809734737482787e-07
3.803097500000000508e+01 2.863448359403915666e-07
3.808095000000000141e+01 2.861100248250282953e-07
3.813092500000000484e+01 2.858765351625334400e-07
3.818090000000000117e+01 2.856443620127300611e-07
3.823087500000000460e+01 2.854135004862637248e-07
3.828085000000000093e+01 2.851839457255664971e-07
3.833082500000000437e+01 2.849556929181005155e-07
3.838080000000000780e+01 2.847287372795404142e-07
3.843077500000000413e+01 2.845030740318584117e-07
3.848075000000000756e+01 2.842786984950922834e-07
3.853072500000000389e+01 2.840556059713779753e-07
3.858070000000000732e+01 2.838337918312645375e-07
3.863067500000000365e+01 2.836132514540193184e-07
3.868065000000000708e+01 2.833939802749605894e-07
3.873062500000000341e+01 2.831759737569170875e-07
3.878060000000000684e+01 2.829592273876851691e-07
3.883057500000000317e+01 2.827437366992411587e-07
3.888055000000000661e+01 2.825294972542215911e-07
3.893052500000000293e+01 2.823165046543569070e-07
3.898050000000000637e+01 2.821047545205334088e-07
3.903047500000000269e+01 2.818942425227837328e-07
3.908045000000000613e+01 2.816849643496152040e-07
3.913042500000000246e+01 2.814769157345604541e-07
3.918040000000000589e+01 2.812700924362461542e-07
3.923037500000000222e+01 2.810644902461321428e-07
3.928035000000000565e+01 2.808601049875945659e-07
3.933032500000000198e+01 2.806569325218910005e-07
3.938030000000000541e+01 2.804549687299514694e-07
3.943027500000000174e+01 2.802542095374663402e-07
3.948025000000000517e+01 2.800546508745934965e-07
3.953022500000000150e+01 2.798562887766643622e-07
3.958020000000000493e+01 2.796591191925449732e-07
3.963017500000000126e+01 2.794631381820381173e-07
3.968015000000000470e+01 2.792683418030086241e-07
3.973012500000000102e+01 2.790747262743178284e-07
3.978010000000000446e+01 2.788822875336922238e-07
3.983007500000000789e+01 2.786910218836271667e-07
3.988005000000000422e+01 2.785009254745187422e-07
3.993002500000000765e+01 2.783119945194281209e-07
3.998000000000000398e+01 2.781242252673126183e-07
4.002997500000000741e+01 2.779376140067729149e-07
4.007995000000000374e+01 2.777521570508998492e-07
4.012992500000000717e+01 2.775678507324796816e-07
4.017990000000000350e+01 2.773846914094228870e-07
4.022987500000000693e+01 2.772026754737848446e-07
4.027985000000000326e+01 2.770217993434191218e-07
4.032982500000000670e+01 2.768420594864036810e-07
4.037980000000000302e+01 2.766634523662001552e-07
4.042977500000000646e+01 2.764859744833421096e-07
4.047975000000000279e+01 2.763096223502246409e-07
4.052972500000000622e+01 2.761343925674588924e-07
4.057970000000000255e+01 2.759602816951989606e-07
4.062967500000000598e+01 2.757872863617226259e-07
4.067965000000000231e+01 2.756154032149122461e-07
4.072962500000000574e+01 2.754446287975040618e-07
4.077960000000000207e+01 2.752749600028668314e-07
4.082957500000000550e+01 2.751063934100346454e-07
4.087955000000000183e+01 2.749389258112469339e-07
4.092952500000000526e+01 2.747725539525805726e-07
4.097950000000000159e+01 2.746072746532778728e-07
4.102947500000000502e+01 2.744430847288839526e-07
4.107945000000000135e+01 2.742799810167911333e-07
4.112942500000000479e+01 2.741179603934991418e-07
4.117940000000000111e+01 2.739570197509826788e-07
4.122937500000000455e+01 2.737971560132550961e-07
4.127935000000000798e+01 2.736383661228287332e-07
4.132932500000000431e+01 2.734806470719811267e-07
4.137930000000000774e+01 2.733239958377823958e-07
4.142927500000000407e+01 2.731684094377497003e-07
4.147925000000000750e+01 2.730138849177806742e-07
4.152922500000000383e+01 2.728604193514175659e-07
4.157920000000000726e+01 2.727080098366896050e-07
4.162917500000000359e+01 2.725566534912633155e-07
4.167915000000000703e+01 2.724063474385002472e-07
4.172912500000000335e+01 2.722570888392065768e-07
4.177910000000000679e+01 2.721088748914754535e-07
4.182907500000000312e+01 2.719617028258308007e-07
4.187905000000000655e+01 2.718155698730972910e-07
4.192902500000000288e+01 2.716704732983371457e-07
4.197900000000000631e+01 2.715264103106423956e-07
4.202897500000000264e+01 2.713833781973379876e-07
4.207895000000000607e+01 2.712413743276220143e-07
4.212892500000000240e+01 2.711003960799445506e-07
4.217890000000000583e+01 2.709604408673727431e-07
4.222887500000000216e+01 2.708215060468844873e-07
4.227885000000000559e+01 2.706835889927004637e-07
4.232882500000000192e+01 2.705466871245451273e-07
4.237880000000000535e+01 2.704107979223309238e-07
4.242877500000000168e+01 2.702759189011148607e-07
4.247875000000000512e+01 2.701420475573319791e-07
4.252872500000000144e+01 2.700091813911624760e-07
4.257870000000000488e+01 2.698773179264864777e-07
4.262867500000000121e+01 2.697464547441395584e-07
4.267865000000000464e+01 2.696165894647478830e-07
4.272862500000000807e+01 2.694877196936272309e-07
4.277860000000000440e+01 2.693598430419416677e-07
4.282857500000000783e+01 2.692329571254791587e-07
4.287855000000000416e+01 2.691070596150954520e-07
4.292852500000000759e+01 2.689821482589103114e-07
4.297850000000000392e+01 2.688582207889494514e-07
4.302847500000000736e+01 2.687352749544522018e-07
4.307845000000000368e+01 2.686133084543798166e-07
4.312842500000000712e+01 2.684923190308609428e-07
4.317840000000000344e+01 2.683723044595460327e-07
4.322837500000000688e+01 2.682532626156823197e-07
4.327835000000000321e+01 2.681351913216995564e-07
4.332832500000000664e+01 2.680180884595388656e-07
4.337830000000000297e+01 2.679019518763681797e-07
4.342827500000000640e+01 2.677867794599007805e-07
4.347825000000000273e+01 2.676725691246922122e-07
4.352822500000000616e+01 2.675593188194450405e-07
4.357820000000000249e+01 2.674470264947070394e-07
4.362817500000000592e+01 2.673356901162561120e-07
4.367815000000000225e+01 2.672253076735538375e-07
4.372812500000000568e+01 2.671158771788362350e-07
4.377810000000000201e+01 2.670073966592607087e-07
4.382807500000000545e+01 2.668998641734156732e-07
4.387805000000000177e+01 2.667932777804334973e-07
4.392802500000000521e+01 2.666876355714294548e-07
4.397800000000000153e+01 2.665829356519289678e-07
4.402797500000000497e+01 2.664791761320196305e-07
4.407795000000000840e+01 2.663763551728973113e-07
4.412792500000000473e+01 2.662744709220160395e-07
4.417790000000000816e+01 2.661735215861929309e-07
4.422787500000000449e+01 2.660735053376683694e-07
4.427785000000000792e+01 2.659744203646938849e-07
4.432782500000000425e+01 2.658762649669988020e-07
4.437780000000000769e+01 2.657790373679816475e-07
4.442777500000000401e+01 2.656827357934779151e-07
4.447775000000000745e+01 2.655873585775214459e-07
4.452772500000000377e+01 2.654929040630423094e-07
4.457770000000000721e+01 2.653993705157203231e-07
4.462767500000000354e+01 2.653067563011884746e-07
4.467765000000000697e+01 2.652150597543497669e-07
4.472762500000000330e+01 2.651242792734807784e-07
4.477760000000000673e+01 2.650344132674185241e-07
4.482757500000000306e+01 2.649454601256755444e-07
4.487755000000000649e+01 2.648574182887182820e-07
4.492752500000000282e+01 2.647702861879031814e-07
4.497750000000000625e+01 2.646840622947942294e-07
4.502747500000000258e+01 2.645987451150710941e-07
4.507745000000000601e+01 2.645143331222819899e-07
4.512742500000000234e+01 2.644308248427690536e-07
4.517740000000000578e+01 2.643482187844300151e-07
4.522737500000000210e+01 2.642665134980987042e-07
4.527735000000000554e+01 2.641857076311676362e-07
4.532732500000000186e+01 2.641057996592674561e-07
4.537730000000000530e+01 2.640267882408019487e-07
4.542727500000000163e+01 2.639486720148627594e-07
4.547725000000000506e+01 2.638714495455662534e-07
4.552722500000000849e+01 2.637951195202780191e-07
4.557720000000000482e+01 2.637196806030310106e-07
4.562717500000000825e+01 2.636451314801492832e-07
4.567715000000000458e+01 2.635714708553156150e-07
4.572712500000000801e+01 2.634986974383770135e-07
4.577710000000000434e+01 2.634268099585756347e-07
4.582707500000000778e+01 2.633558071678810638e-07
4.587705000000000410e+01 2.632856878338842385e-07
4.592702500000000754e+01 2.632164507344501823e-07
4.597700000000000387e+01 2.631480946704447808e-07
4.602697500000000730e+01 2.630806184493463355e-07
4.607695000000000363e+01 2.630140209065524651e-07
4.612692500000000706e+01 2.629483008780140073e-07
4.617690000000000339e+01 2.628834572349122288e-07
4.622687500000000682e+01 2.628194888518240990e-07
4.627685000000000315e+01 2.627563946204273349e-07
4.632682500000000658e+01 2.626941734451218772e-07
4.637680000000000291e+01 2.626328242571402935e-07
4.642677500000000634e+01 2.625723459830777522e-07
4.647675000000000267e+01 2.625127376133458894e-07
4.652672500000000610e+01 2.624539980691787903e-07
4.657670000000000243e+01 2.623961263727838552e-07
4.662667500000000587e+01 2.623391215105786952e-07
4.667665000000000219e+01 2.622829825186703097e-07
4.672662500000000563e+01 2.622277084159351948e-07
4.677660000000000196e+01 2.621732982501539460e-07
4.682657500000000539e+01 2.621197510900832417e-07
4.687655000000000172e+01 2.620670660085304833e-07
4.692652500000000515e+01 2.620152421067942962e-07
4.697650000000000858e+01 2.619642784923589226e-07
4.702647500000000491e+01 2.619141742892946215e-07
4.707645000000000834e+01 2.618649286428917861e-07
4.712642500000000467e+01 2.618165406969649075e-07
4.717640000000000811e+01 2.617690096318526965e-07
4.722637500000000443e+01 2.617223346305748818e-07
4.727635000000000787e+01 2.616765148922934167e-07
4.732632500000000420e+01 2.616315496358296245e-07
4.737630000000000763e+01 2.615874380850246634e-07
4.742627500000000396e+01 2.615441794886873111e-07
4.747625000000000739e+01 2.615017731042566054e-07
4.752622500000000372e+01 2.614602182180607542e-07
4.757620000000000715e+01 2.614195141166180717e-07
4.762617500000000348e+01 2.613796600972596179e-07
4.767615000000000691e+01 2.613406554694769346e-07
4.772612500000000324e+01 2.613024995787891038e-07
4.777610000000000667e+01 2.612651917813299071e-07
4.782607500000000300e+01 2.612287314307715951e-07
4.787605000000000643e+01 2.611931179203863736e-07
4.792602500000000276e+01 2.611583506260172631e-07
4.797600000000000620e+01 2.611244289626018251e-07
4.802597500000000252e+01 2.610913523478338133e-07
4.807595000000000596e+01 2.610591202221914795e-07
4.812592500000000229e+01 2.610277320383777199e-07
4.817590000000000572e+01 2.609971872584954844e-07
4.822587500000000205e+01 2.609674853681932802e-07
4.827585000000000548e+01 2.609386258595309128e-07
4.832582500000000181e+01 2.609106082289609005e-07
4.837580000000000524e+01 2.608834320222833718e-07
4.842577500000000867e+01 2.608570967643639828e-07
4.847575000000000500e+01 2.608316020130739285e-07
4.852572500000000844e+01 2.608069473293406046e-07
4.857570000000000476e+01 2.607831322973320323e-07
4.862567500000000820e+01 2.607601565198642450e-07
4.867565000000000452e+01 2.607380195937211845e-07
4.872562500000000796e+01 2.607167211654925411e-07
4.877560000000000429e+01 2.606962608363450168e-07
4.882557500000000772e+01 2.606766382928325869e-07
4.887555000000000405e+01 2.606578531917856763e-07
4.892552500000000748e+01 2.606399052248119768e-07
4.897550000000000381e+01 2.606227940407651921e-07
4.902547500000000724e+01 2.606065194181969754e-07
4.907545000000000357e+01 2.605910810356117896e-07
4.912542500000000700e+01 2.605764786385683487e-07
4.917540000000000333e+01 2.605627119910388574e-07
4.922537500000000676e+01 2.605497808501593821e-07
4.927535000000000309e+01 2.605376850078343622e-07
4.932532500000000653e+01 2.605264242464206407e-07
4.937530000000000285e+01 2.605159983771382377e-07
4.942527500000000629e+01 2.605064072299655649e-07
4.947525000000000261e+01 2.604976506353694014e-07
4.952522500000000605e+01 2.604897284566604406e-07
4.957520000000000238e+01 2.604826405496334408e-07
4.962517500000000581e+01 2.604763867896675680e-07
4.967515000000000214e+01 2.604709670832222738e-07
4.972512500000000557e+01 2.604663813305105125e-07
4.977510000000000900e+01 2.604626294650732321e-07
4.982507500000000533e+01 2.604597114136259890e-07
4.987505000000000877e+01 2.604576271049854578e-07
4.992502500000000509e+01 2.604563765346647462e-07
